image_width: 640
image_height: 480
camera_name: narrow_stereo/right
camera_matrix:
  rows: 3
  cols: 3
  data: [510.830285, 0.000000, 317.789477, 0.000000, 513.779116, 255.796603, 0.000000, 0.000000, 1.000000]
distortion_model: plumb_bob
distortion_coefficients:
  rows: 1
  cols: 5
  data: [-0.364228, 0.146582, -0.002428, 0.002074, 0.000000]
rectification_matrix:
  rows: 3
  cols: 3
  data: [0.995535, -0.012894, 0.093510, 0.013235, 0.999908, -0.003030, -0.093463, 0.004254, 0.995614]
projection_matrix:
  rows: 3
  cols: 4
  data: [485.169337, 0.000000, 268.380722, -58.813215, 0.000000, 485.169337, 253.858589, 0.000000, 0.000000, 0.000000, 1.000000, 0.000000]
